.load ./dist/vec0
.mode table
.header on

select sqlite_version(), vec_version();


SELECT
    rowid,
    context,
    distance
FROM vec_items
WHERE embedding MATCH '[
        -0.08352217823266983,
        0.05220136046409607,
        0.000014224476217350457,
        -0.03990878164768219,
        0.01801788993179798,
        0.03654095157980919,
        0.00408349372446537,
        0.009640412405133247,
        0.04984388127923012,
        0.00681985542178154,
        0.039740391075611115,
        0.05422205850481987,
        0.08352217823266983,
        0.06062093377113342,
        -0.07510260492563248,
        0.013723906129598618,
        -0.02492194063961506,
        -0.05860023573040962,
        0.022396067157387733,
        0.018270475789904594,
        0.03654095157980919,
        0.006230485159903765,
        -0.003957199864089489,
        0.008293280377984047,
        -0.04950709640979767,
        -0.04714961722493172,
        0.003136291401460767,
        -0.002515347907319665,
        0.03300473093986511,
        -0.014734255149960518,
        -0.05826345458626747,
        0.0031152425799518824,
        -0.0056411148980259895,
        -0.026100680232048035,
        -0.01675495319068432,
        0.01944921724498272,
        0.025090331211686134,
        0.02113313227891922,
        -0.011113838292658329,
        0.00934572797268629,
        0.05119101330637932,
        -0.0006604103837162256,
        -0.00017496927466709167,
        -0.01599719189107418,
        0.01734432391822338,
        0.03687773644924164,
        0.02079634927213192,
        0.01776530221104622,
        0.04782318323850632,
        -0.027784595265984535,
        0.03654095157980919,
        0.09699349850416183,
        -0.03384668752551079,
        0.07476582378149033,
        -0.038393259048461914,
        0.09160497039556503,
        0.028121378272771835,
        0.019870195537805557,
        -0.04411856830120087,
        -0.01330292783677578,
        -0.03687773644924164,
        -0.03519381955265999,
        0.020627956837415695,
        0.08352217823266983,
        0.016249777749180794,
        -0.08520609140396118,
        -0.02492194063961506,
        0.04125591367483139,
        -0.03468864783644676,
        -0.016586560755968094,
        0.03553060442209244,
        -0.014229080639779568,
        -0.01633397489786148,
        0.02357480861246586,
        -0.07106120884418488,
        -0.020880544558167458,
        0.05691632255911827,
        -0.016586560755968094,
        0.011450621299445629,
        0.020880544558167458,
        -0.02963690087199211,
        -0.01178740430623293,
        0.02862655371427536,
        -0.02012278325855732,
        0.03755130246281624,
        0.031489208340644836,
        -0.03384668752551079,
        0.07847043126821518,
        -0.01877565123140812,
        -0.02492194063961506,
        0.022732850164175034,
        0.03199438378214836,
        -0.019280824810266495,
        0.06230485066771507,
        -0.007072442676872015,
        -0.023406416177749634,
        -0.08082791417837143,
        -0.021385718137025833,
        -0.02391159161925316,
        -0.05321171134710312,
        -0.01212418731302023,
        0.05927380174398422,
        0.06028415262699127,
        -0.016249777749180794,
        0.02963690087199211,
        0.03468864783644676,
        0.03553060442209244,
        0.03317312151193619,
        0.00681985542178154,
        0.019617607817053795,
        -0.02391159161925316,
        0.02963690087199211,
        0.019280824810266495,
        0.00934572797268629,
        -0.0043992274440824986,
        -0.06398876756429672,
        0.08082791417837143,
        -0.04917031526565552,
        0.0021154179703444242,
        0.009598314762115479,
        -0.022732850164175034,
        0.013387123122811317,
        -0.008756357245147228,
        0.05051744729280472,
        0.011282229796051979,
        -0.02357480861246586,
        0.08520609140396118,
        -0.027447812259197235,
        -0.022732850164175034,
        0.01262936182320118,
        -0.002673214767128229,
        -0.03468864783644676,
        -0.08958426862955093,
        -0.009935097768902779,
        -0.004272934049367905,
        0.00854586809873581,
        0.02424837462604046,
        0.024416765198111534,
        0.00900894496589899,
        0.008461671881377697,
        -0.07308190315961838,
        0.04159269854426384,
        -0.014818450435996056,
        0.0009998244931921363,
        0.012881948612630367,
        0.00854586809873581,
        -0.03283634036779404,
        0.006272582802921534,
        -0.06062093377113342,
        0.006230485159903765,
        0.04883353039622307,
        -0.01363971084356308,
        0.028794944286346436,
        0.028121378272771835,
        0.03687773644924164,
        0.020627956837415695,
        -0.004441325552761555,
        0.0021154179703444242,
        0.01380810234695673,
        -0.01599719189107418,
        0.0020733200944960117,
        0.0012313626939430833,
        0.0010840202448889613,
        0.01801788993179798,
        -0.021890893578529358,
        -0.00854586809873581,
        0.007956497371196747,
        0.016839148476719856,
        -0.06466232985258102,
        -0.006230485159903765,
        -0.04714961722493172,
        -0.012713557109236717,
        0.020627956837415695,
        0.0025469211395829916,
        -0.00972460862249136,
        0.04681283235549927,
        -0.019280824810266495,
        -0.013218731619417667,
        -0.02323802560567856,
        -0.037046127021312714,
        0.028121378272771835,
        -0.012376774102449417,
        -0.01431327685713768,
        -0.02391159161925316,
        0.013892297632992268,
        -0.0022206627763807774,
        0.05725310742855072,
        -0.018523063510656357,
        -0.023069633170962334,
        0.025427114218473434,
        0.01363971084356308,
        -0.009261531755328178,
        -0.00681985542178154,
        0.02660585567355156,
        0.018270475789904594,
        0.08217504620552063,
        0.013555514626204967,
        0.043781787157058716,
        -0.012376774102449417,
        0.07005085796117783,
        -0.020375369116663933,
        0.011198033578693867,
        0.04714961722493172,
        -0.011198033578693867,
        0.022059284150600433,
        0.007240834180265665,
        -0.001131380326114595,
        0.02012278325855732,
        0.023406416177749634,
        -0.039403606206178665,
        0.015576212666928768,
        0.03199438378214836,
        -0.03064724989235401,
        0.06870372593402863,
        0.03805647790431976,
        0.0006946148932911456,
        -0.04883353039622307,
        -0.021048935130238533,
        0.015744604170322418,
        -0.03654095157980919,
        0.013050340116024017,
        -0.01262936182320118,
        -0.00820908509194851,
        -0.04782318323850632,
        0.043781787157058716,
        0.014734255149960518,
        -0.06466232985258102,
        0.011871599592268467,
        -0.01869145594537258,
        0.039403606206178665,
        0.01212418731302023,
        0.021890893578529358,
        -0.00047886327956803143,
        -0.007114540319889784,
        -0.03132081776857376,
        -0.006062093656510115,
        -0.008587965741753578,
        0.0031783892773091793,
        -0.001852306304499507,
        -0.00226276065222919,
        0.009977195411920547,
        0.01667075790464878,
        -0.03031046688556671,
        0.005262233782559633,
        0.03553060442209244,
        0.0060199955478310585,
        0.03620417043566704,
        0.02525872364640236,
        -0.05220136046409607,
        -0.05927380174398422,
        -0.03283634036779404,
        0.020880544558167458,
        0.006609365809708834,
        -0.013892297632992268,
        -0.030478859320282936,
        0.000031902294722385705,
        -0.024416765198111534,
        0.00519908731803298,
        0.01212418731302023,
        -0.03620417043566704,
        -0.037046127021312714,
        -0.010777055285871029,
        0.04260304570198059,
        -0.05119101330637932,
        -0.0016418170416727662,
        -0.05253814533352852,
        -0.009808803908526897,
        0.01566040888428688,
        -0.04226626455783844,
        -0.003473074408248067,
        -0.016249777749180794,
        -0.026437463238835335,
        -0.039403606206178665,
        0.019280824810266495,
        0.04479213431477547,
        0.04479213431477547,
        0.006398876663297415,
        -0.03553060442209244,
        0.017512714490294456,
        -0.03064724989235401,
        0.027111029252409935,
        -0.0015786702279001474,
        0.05691632255911827,
        0.019280824810266495,
        0.020543761551380157,
        -0.04815996438264847,
        0.01776530221104622,
        0.025090331211686134,
        -0.01161901280283928,
        -0.06095771864056587,
        -0.01397649385035038,
        0.04748639836907387,
        -0.02828977070748806,
        0.0059357997961342335,
        -0.04681283235549927,
        0.015155233442783356,
        -0.05725310742855072,
        0.020206978544592857,
        0.00145237660035491,
        -0.01709173619747162,
        -0.01229257881641388,
        -0.03990878164768219,
        -0.06129449978470802,
        -0.015492016449570656,
        0.011198033578693867,
        -0.00938782561570406,
        -0.03418347239494324,
        0.04260304570198059,
        -0.016923343762755394,
        0.02559550665318966,
        -0.020543761551380157,
        -0.02012278325855732,
        0.030815642327070236,
        0.012713557109236717,
        0.04159269854426384,
        0.0004604454734362662,
        -0.05590597540140152,
        -0.006904051173478365,
        0.06769337505102158,
        -0.05321171134710312,
        0.025763897225260735,
        0.003473074408248067,
        0.013555514626204967,
        -0.021301522850990295,
        -0.01363971084356308,
        0.031152425333857536,
        0.028458161279559135,
        -0.03519381955265999,
        0.004630765877664089,
        0.05422205850481987,
        0.01212418731302023,
        0.01608138717710972,
        0.05018066242337227,
        -0.015239429660141468,
        -0.013050340116024017,
        0.025427114218473434,
        -0.02727942168712616,
        0.06600946187973022,
        -0.05758988857269287,
        -0.025763897225260735,
        -0.06062093377113342,
        0.01313453633338213,
        -0.001778635079972446,
        0.01262936182320118,
        -0.01397649385035038,
        -0.026437463238835335,
        -0.005283283069729805,
        0.02930011786520481,
        0.0061883870512247086,
        -0.006440974306315184,
        -0.0059357997961342335,
        0.003704612608999014,
        -0.0011840026127174497,
        -0.008461671881377697,
        -0.04714961722493172,
        -0.013555514626204967,
        -0.02727942168712616,
        -0.039403606206178665,
        0.03031046688556671,
        0.026100680232048035,
        -0.06533589959144592,
        -0.026774246245622635,
        0.02727942168712616,
        0.0003972986596636474,
        -0.00715663842856884,
        -0.040750738233327866,
        -0.05792667344212532,
        0.04024556651711464,
        0.019617607817053795,
        0.017512714490294456,
        0.017512714490294456,
        0.03603577986359596,
        0.01608138717710972,
        0.02795298770070076,
        0.00243115215562284,
        0.006567268166691065,
        -0.02391159161925316,
        0.00715663842856884,
        0.029468510299921036,
        -0.0006209436105564237,
        -0.07308190315961838,
        -0.06062093377113342,
        0.019870195537805557,
        0.07207155972719193,
        0.013218731619417667,
        0.03216277435421944,
        -0.05085422843694687,
        0.045128919184207916,
        -0.025090331211686134,
        0.0013366073835641146,
        0.04815996438264847,
        0.07779686897993088,
        0.00324153620749712,
        0.04260304570198059,
        -0.008293280377984047,
        0.005683212541043758,
        0.02626907266676426,
        0.006062093656510115,
        0.06634624302387238,
        -0.03098403289914131,
        0.03031046688556671,
        -0.04546570032835007,
        0.03031046688556671,
        -0.00519908731803298,
        0.01709173619747162,
        -0.010524467565119267,
        0.009640412405133247,
        0.05287492647767067,
        0.04260304570198059,
        -0.005325380712747574,
        0.01633397489786148,
        0.040750738233327866,
        0.02559550665318966,
        -0.03283634036779404,
        -0.03923521563410759,
        -0.01877565123140812,
        -0.01246097031980753,
        0.005135940387845039,
        -0.02828977070748806,
        0.022732850164175034,
        0.029805293306708336,
        0.04226626455783844,
        -0.039740391075611115,
        -0.04681283235549927,
        -0.025427114218473434,
        0.00519908731803298,
        0.02727942168712616,
        0.07207155972719193,
        -0.009261531755328178,
        0.01161901280283928,
        0.02963690087199211,
        -0.01380810234695673,
        -0.0027153126429766417,
        0.013218731619417667,
        -0.022059284150600433,
        -0.08082791417837143,
        0.05455884337425232,
        -0.043781787157058716,
        0.042771436274051666,
        0.0024627253878861666,
        0.009135237894952297,
        -0.014229080639779568,
        -0.01944921724498272,
        -0.043445002287626266,
        0.044455353170633316,
        -0.06567268073558807,
        0.03334151580929756,
        -0.014565863646566868,
        0.04681283235549927,
        -0.03384668752551079,
        0.00486230431124568,
        -0.01675495319068432,
        0.02357480861246586,
        -0.03889843448996544,
        -0.014818450435996056,
        0.009135237894952297,
        0.02079634927213192,
        -0.06870372593402863,
        0.04546570032835007,
        0.03889843448996544,
        -0.03755130246281624,
        -0.03468864783644676,
        0.011198033578693867,
        -0.00665146391838789,
        0.05422205850481987,
        -0.013892297632992268,
        0.03098403289914131,
        -0.019701803103089333,
        -0.011534816585481167,
        0.03553060442209244,
        -0.014902646653354168,
        0.041087523102760315,
        -0.006567268166691065,
        0.01448166836053133,
        -0.07880721241235733,
        -0.014229080639779568,
        -0.06836694478988647,
        -0.030815642327070236,
        0.018270475789904594,
        -0.009640412405133247,
        0.00900894496589899,
        0.01902823895215988,
        0.03182598948478699,
        0.01776530221104622,
        -0.007493420969694853,
        0.018270475789904594,
        -0.06331519782543182,
        -0.02963690087199211,
        0.022901242598891258,
        0.015407821163535118,
        0.009598314762115479,
        0.05455884337425232,
        -0.03654095157980919,
        0.026437463238835335,
        0.05725310742855072,
        -0.0004157164948992431,
        0.004272934049367905,
        -0.025763897225260735,
        -0.0027153126429766417,
        0.01734432391822338,
        0.07847043126821518,
        0.0027153126429766417,
        -0.03216277435421944,
        0.02963690087199211,
        -0.03856164962053299,
        0.015407821163535118,
        0.01810208521783352,
        0.06432554870843887,
        -0.01313453633338213,
        0.04226626455783844,
        -0.026774246245622635,
        -0.03317312151193619,
        0.013723906129598618,
        0.03435186296701431,
        0.0018944041803479195,
        -0.04024556651711464,
        -0.015576212666928768,
        0.00469391280785203,
        -0.05860023573040962,
        0.01810208521783352,
        0.029131727293133736,
        0.00867216195911169,
        -0.010861250571906567,
        -0.008082791231572628,
        -0.010692859068512917,
        -0.005767408292740583,
        -0.004736010450869799,
        0.044455353170633316,
        0.00104718457441777,
        -0.017596909776329994,
        -0.0023048585280776024,
        -0.004904401954263449,
        0.014650058932602406,
        0.03889843448996544,
        0.02458515763282776,
        -0.05085422843694687,
        0.013218731619417667,
        -0.03654095157980919,
        0.03216277435421944,
        0.0002460094401612878,
        0.01902823895215988,
        -0.04815996438264847,
        -0.0036204170901328325,
        0.03923521563410759,
        -0.031489208340644836,
        0.015155233442783356,
        -0.007703910581767559,
        0.05725310742855072,
        -0.026100680232048035,
        -0.03266794979572296,
        0.01801788993179798,
        -0.020880544558167458,
        -0.039403606206178665,
        -0.01330292783677578,
        0.00418873829767108,
        -0.012376774102449417,
        0.017175931483507156,
        -0.03923521563410759,
        -0.016923343762755394,
        0.03418347239494324,
        -0.04748639836907387,
        -0.03418347239494324,
        -0.044455353170633316,
        0.041087523102760315,
        0.0009314154158346355,
        -0.024753548204898834,
        -0.027447812259197235,
        0.03620417043566704,
        0.03856164962053299,
        -0.008251182734966278,
        -0.02357480861246586,
        -0.027447812259197235,
        -0.025090331211686134,
        -0.03367829695343971,
        0.05051744729280472,
        0.00631468091160059,
        0.00243115215562284,
        0.001778635079972446,
        -0.00021312048193067312,
        -0.012713557109236717,
        -0.021890893578529358,
        -0.028121378272771835,
        0.01641817018389702,
        -0.01161901280283928,
        0.004609717056155205,
        -0.008587965741753578,
        -0.004336080979555845,
        -0.00408349372446537,
        0.011198033578693867,
        -0.04681283235549927,
        -0.016586560755968094,
        -0.009472020901739597,
        0.03064724989235401,
        -0.02525872364640236,
        -0.05388527736067772,
        0.010945446789264679,
        0.022396067157387733,
        -0.05691632255911827,
        0.005283283069729805,
        0.017849497497081757,
        0.009850901551544666,
        -0.01363971084356308,
        0.0017154882661998272,
        -0.07106120884418488,
        -0.01902823895215988,
        0.03384668752551079,
        -0.02113313227891922,
        0.010103489272296429,
        -0.02963690087199211,
        0.02727942168712616,
        0.006693561561405659,
        0.05725310742855072,
        -0.02593228965997696,
        -0.01801788993179798,
        0.02458515763282776,
        0.03233116492629051,
        0.031489208340644836,
        0.005893702153116465,
        -0.019954390823841095,
        0.004967548884451389,
        0.005430625285953283,
        0.00951411947607994,
        0.04479213431477547,
        0.043108221143484116,
        0.015407821163535118,
        -0.0001736537233227864,
        0.006904051173478365,
        0.0036204170901328325,
        0.05927380174398422,
        0.00900894496589899,
        -0.016586560755968094,
        0.03384668752551079,
        -0.01397649385035038,
        0.06331519782543182,
        -0.022396067157387733,
        -0.03788808360695839,
        -0.04546570032835007,
        -0.0019996489863842726,
        -0.03620417043566704,
        -0.01006139162927866,
        0.02323802560567856,
        0.017175931483507156,
        -0.020375369116663933,
        0.02660585567355156,
        0.011534816585481167,
        -0.020543761551380157,
        0.0057253106497228146,
        0.002494298852980137,
        -0.0019996489863842726,
        0.04226626455783844,
        -0.043445002287626266,
        0.02357480861246586,
        0.014734255149960518,
        0.015912994742393494,
        -0.03064724989235401,
        -0.03216277435421944,
        -0.0014734255382791162,
        0.00816698744893074,
        -0.010945446789264679,
        -0.045802485197782516,
        -0.038393259048461914,
        -0.02963690087199211,
        0.01262936182320118,
        0.004672863986343145,
        -0.05051744729280472,
        0.00820908509194851,
        -0.03199438378214836,
        0.0027995083946734667,
        -0.01599719189107418,
        0.05927380174398422,
        0.003304682904854417,
        0.011366425082087517,
        0.020543761551380157,
        -0.019701803103089333,
        -0.0008261707262136042,
        0.05152779445052147,
        0.019870195537805557,
        -0.007114540319889784,
        0.005051744636148214,
        0.01877565123140812,
        -0.03233116492629051,
        0.00040519202593714,
        0.03216277435421944,
        -0.005283283069729805,
        0.02795298770070076,
        -0.01902823895215988,
        0.029131727293133736,
        -0.012545165605843067,
        0.009640412405133247,
        -0.040750738233327866,
        0.043108221143484116,
        -0.008461671881377697,
        -0.02492194063961506,
        0.04546570032835007,
        -0.08520609140396118,
        -0.07678651809692383,
        0.0036204170901328325,
        0.019870195537805557,
        0.03098403289914131,
        -0.026100680232048035,
        -0.03687773644924164,
        -0.013892297632992268,
        0.01801788993179798,
        0.03805647790431976,
        0.022396067157387733,
        0.018270475789904594,
        -0.019617607817053795,
        0.017175931483507156,
        0.025090331211686134,
        0.03233116492629051,
        0.03435186296701431,
        0.02795298770070076,
        0.05691632255911827,
        -0.027784595265984535,
        0.02357480861246586,
        0.002841606270521879,
        0.03384668752551079,
        -0.01363971084356308,
        -0.01039817463606596,
        -0.030815642327070236,
        0.013892297632992268,
        -0.0015681457007303834,
        -0.02660585567355156,
        -0.01810208521783352,
        0.04815996438264847,
        0.01801788993179798,
        -0.002041746862232685,
        0.014229080639779568,
        0.0032625850290060043,
        -0.01902823895215988,
        -0.01279775332659483,
        0.02828977070748806,
        0.00816698744893074,
        -0.012881948612630367,
        -0.03805647790431976,
        0.04479213431477547,
        0.0029468510765582323,
        -0.010440272279083729,
        0.03418347239494324,
        -0.03064724989235401,
        0.04714961722493172,
        0.021385718137025833,
        -0.006904051173478365,
        -0.020375369116663933,
        -0.05927380174398422,
        -0.029468510299921036,
        0.05556919053196907,
        0.020206978544592857,
        -0.01363971084356308,
        0.05287492647767067,
        0.006525170058012009,
        -0.0054727233946323395,
        -0.017849497497081757,
        0.028458161279559135,
        0.04260304570198059,
        -0.028121378272771835,
        -0.024079982191324234,
        -0.043781787157058716,
        0.04917031526565552,
        0.03199438378214836,
        0.012208382599055767,
        -0.016586560755968094,
        -0.019954390823841095,
        0.0041466401889920235,
        0.008798454888164997,
        0.025090331211686134,
        0.018944041803479195,
        -0.005220136139541864,
        -0.030815642327070236,
        -0.015828799456357956,
        0.037046127021312714,
        0.03519381955265999,
        0.016586560755968094,
        0.02357480861246586,
        0.008798454888164997,
        -0.00715663842856884,
        -0.011282229796051979,
        0.00820908509194851,
        0.01810208521783352,
        -0.026100680232048035,
        -0.01039817463606596,
        0.0020312222186475992,
        0.07981756329536438,
        -0.009472020901739597,
        -0.007703910581767559,
        -0.011198033578693867,
        -0.01363971084356308,
        0.01633397489786148,
        -0.017596909776329994,
        -0.040750738233327866,
        0.05388527736067772,
        -0.002525872318074107,
        0.02997368387877941,
        0.00290475320070982,
        -0.0027363616973161697,
        -0.019280824810266495,
        -0.016165582463145256,
        -0.021890893578529358,
        0.01262936182320118,
        -0.00011642692697932944,
        -0.011198033578693867,
        0.04125591367483139,
        -0.01675495319068432,
        0.010650761425495148,
        0.01944921724498272,
        -0.017596909776329994,
        0.00597789790481329,
        -0.015828799456357956,
        -0.028794944286346436,
        -0.03384668752551079,
        0.004462374374270439,
        0.0043992274440824986,
        -0.03990878164768219,
        -0.01363971084356308,
        0.04984388127923012,
        0.015239429660141468,
        -0.09834063053131104,
        -0.01667075790464878,
        0.03468864783644676,
        -0.003999297972768545,
        -0.007325029466301203,
        -0.05085422843694687,
        0.001299771829508245,
        -0.02357480861246586,
        0.05220136046409607,
        -0.0007840728503651917,
        0.04984388127923012,
        -0.04782318323850632,
        -0.02458515763282776,
        -0.00972460862249136,
        -0.03132081776857376,
        -0.029131727293133736,
        -0.0032836340833455324,
        0.001305034034885466,
        0.02079634927213192,
        -0.04917031526565552,
        -0.010777055285871029,
        0.05287492647767067,
        -0.030478859320282936,
        0.01161901280283928,
        0.038393259048461914,
        0.020375369116663933,
        0.02795298770070076,
        0.017849497497081757,
        -0.010524467565119267,
        -0.031152425333857536,
        -0.03317312151193619,
        0.03182598948478699,
        0.03334151580929756,
        -0.07678651809692383,
        0.0035993680357933044,
        0.01734432391822338,
        0.0043992274440824986,
        0.03990878164768219,
        0.01229257881641388,
        -0.020627956837415695,
        -0.0010945446556434035,
        -0.028794944286346436,
        0.03216277435421944,
        0.0004446587699931115,
        0.07240834087133408,
        -0.040750738233327866,
        0.02727942168712616,
        -0.01810208521783352,
        -0.01229257881641388,
        -0.00934572797268629,
        -0.00867216195911169,
        0.03064724989235401,
        -0.01801788993179798,
        0.03553060442209244,
        0.008924748748540878,
        -0.06735659390687943,
        0.009977195411920547,
        0.008587965741753578,
        -0.001052446779794991,
        0.04950709640979767,
        0.02761620469391346,
        0.018270475789904594,
        0.03603577986359596,
        0.016923343762755394,
        -0.0015576212899759412,
        -0.05455884337425232,
        -0.01810208521783352,
        0.014818450435996056,
        0.04125591367483139,
        -0.03418347239494324,
        0.03367829695343971,
        -0.03502542898058891,
        -0.02660585567355156,
        0.00820908509194851,
        -0.0015155234141275287,
        0.022396067157387733,
        -0.06365197896957397,
        0.040413957089185715,
        0.004567618947476149,
        -0.016839148476719856,
        0.013218731619417667,
        0.01877565123140812,
        -0.007619714830070734,
        0.0015891946386545897,
        0.010271880775690079,
        -0.021890893578529358,
        -0.026437463238835335,
        0.02492194063961506,
        -0.0027995083946734667,
        0.02113313227891922,
        0.031152425333857536,
        -0.05085422843694687,
        0.03468864783644676,
        0.0028626553248614073,
        0.005325380712747574,
        -0.0038519552908837795,
        -0.04917031526565552,
        0.002525872318074107,
        0.05085422843694687,
        0.02930011786520481,
        0.10103489458560944,
        0.023069633170962334,
        -0.043781787157058716,
        0.017596909776329994,
        -0.011198033578693867,
        -0.00003387563265278004,
        -0.02458515763282776,
        0.02593228965997696,
        -0.06870372593402863,
        -0.015155233442783356,
        -0.04613926634192467,
        0.014818450435996056,
        0.011198033578693867,
        0.0013681808486580849,
        0.04984388127923012,
        0.014818450435996056,
        -0.03266794979572296,
        0.03031046688556671,
        -0.00290475320070982,
        -0.009598314762115479,
        -0.03266794979572296,
        0.017512714490294456,
        0.02930011786520481,
        0.003220487153157592,
        0.012208382599055767,
        -0.05826345458626747,
        0.006777757313102484,
        0.025427114218473434,
        0.03468864783644676,
        0.029131727293133736,
        0.021890893578529358,
        0.015071038156747818,
        0.019196629524230957,
        0.013892297632992268,
        -0.013050340116024017,
        -0.04714961722493172,
        -0.015492016449570656,
        0.014565863646566868,
        -0.02525872364640236,
        0.020627956837415695,
        0.03384668752551079,
        -0.016923343762755394,
        0.023069633170962334,
        0.013892297632992268,
        -0.03654095157980919,
        0.006946148816496134,
        -0.00006413347728084773,
        -0.013050340116024017,
        -0.017175931483507156,
        -0.009935097768902779,
        0.03317312151193619,
        0.019954390823841095,
        -0.007114540319889784,
        0.00357831921428442,
        -0.03620417043566704,
        0.02492194063961506,
        -0.020543761551380157,
        -0.017849497497081757,
        -0.0018733552424237132,
        0.020543761551380157,
        -0.00867216195911169,
        0.007409225217998028,
        0.03990878164768219,
        0.01599719189107418,
        0.02963690087199211,
        -0.00469391280785203,
        -0.01431327685713768,
        0.02862655371427536,
        0.013723906129598618,
        -0.011029642075300217,
        -0.0008156462572515011,
        0.024079982191324234,
        0.01448166836053133,
        -0.041087523102760315,
        -0.030478859320282936,
        -0.030142076313495636,
        0.010945446789264679,
        -0.04613926634192467,
        0.0022522362414747477,
        -0.03654095157980919,
        -0.03266794979572296,
        0.00938782561570406,
        -0.01262936182320118,
        0.019870195537805557,
        -0.019954390823841095,
        -0.015744604170322418,
        -0.01178740430623293,
        -0.040413957089185715,
        0.019701803103089333,
        -0.016502365469932556,
        -0.01734432391822338,
        0.00900894496589899,
        -0.03502542898058891,
        0.01709173619747162,
        0.011871599592268467,
        -0.019196629524230957,
        0.014565863646566868,
        0.004904401954263449,
        -0.06432554870843887,
        0.011198033578693867,
        0.01195579580962658,
        -0.02357480861246586,
        0.00905104260891676,
        -0.005325380712747574,
        -0.03199438378214836,
        -0.016839148476719856,
        0.03031046688556671,
        0.018523063510656357
    ],
    "embeddingsByType": {
        "float": [
            -0.08352217823266983,
            0.05220136046409607,
            0.000014224476217350457,
            -0.03990878164768219,
            0.01801788993179798,
            0.03654095157980919,
            0.00408349372446537,
            0.009640412405133247,
            0.04984388127923012,
            0.00681985542178154,
            0.039740391075611115,
            0.05422205850481987,
            0.08352217823266983,
            0.06062093377113342,
            -0.07510260492563248,
            0.013723906129598618,
            -0.02492194063961506,
            -0.05860023573040962,
            0.022396067157387733,
            0.018270475789904594,
            0.03654095157980919,
            0.006230485159903765,
            -0.003957199864089489,
            0.008293280377984047,
            -0.04950709640979767,
            -0.04714961722493172,
            0.003136291401460767,
            -0.002515347907319665,
            0.03300473093986511,
            -0.014734255149960518,
            -0.05826345458626747,
            0.0031152425799518824,
            -0.0056411148980259895,
            -0.026100680232048035,
            -0.01675495319068432,
            0.01944921724498272,
            0.025090331211686134,
            0.02113313227891922,
            -0.011113838292658329,
            0.00934572797268629,
            0.05119101330637932,
            -0.0006604103837162256,
            -0.00017496927466709167,
            -0.01599719189107418,
            0.01734432391822338,
            0.03687773644924164,
            0.02079634927213192,
            0.01776530221104622,
            0.04782318323850632,
            -0.027784595265984535,
            0.03654095157980919,
            0.09699349850416183,
            -0.03384668752551079,
            0.07476582378149033,
            -0.038393259048461914,
            0.09160497039556503,
            0.028121378272771835,
            0.019870195537805557,
            -0.04411856830120087,
            -0.01330292783677578,
            -0.03687773644924164,
            -0.03519381955265999,
            0.020627956837415695,
            0.08352217823266983,
            0.016249777749180794,
            -0.08520609140396118,
            -0.02492194063961506,
            0.04125591367483139,
            -0.03468864783644676,
            -0.016586560755968094,
            0.03553060442209244,
            -0.014229080639779568,
            -0.01633397489786148,
            0.02357480861246586,
            -0.07106120884418488,
            -0.020880544558167458,
            0.05691632255911827,
            -0.016586560755968094,
            0.011450621299445629,
            0.020880544558167458,
            -0.02963690087199211,
            -0.01178740430623293,
            0.02862655371427536,
            -0.02012278325855732,
            0.03755130246281624,
            0.031489208340644836,
            -0.03384668752551079,
            0.07847043126821518,
            -0.01877565123140812,
            -0.02492194063961506,
            0.022732850164175034,
            0.03199438378214836,
            -0.019280824810266495,
            0.06230485066771507,
            -0.007072442676872015,
            -0.023406416177749634,
            -0.08082791417837143,
            -0.021385718137025833,
            -0.02391159161925316,
            -0.05321171134710312,
            -0.01212418731302023,
            0.05927380174398422,
            0.06028415262699127,
            -0.016249777749180794,
            0.02963690087199211,
            0.03468864783644676,
            0.03553060442209244,
            0.03317312151193619,
            0.00681985542178154,
            0.019617607817053795,
            -0.02391159161925316,
            0.02963690087199211,
            0.019280824810266495,
            0.00934572797268629,
            -0.0043992274440824986,
            -0.06398876756429672,
            0.08082791417837143,
            -0.04917031526565552,
            0.0021154179703444242,
            0.009598314762115479,
            -0.022732850164175034,
            0.013387123122811317,
            -0.008756357245147228,
            0.05051744729280472,
            0.011282229796051979,
            -0.02357480861246586,
            0.08520609140396118,
            -0.027447812259197235,
            -0.022732850164175034,
            0.01262936182320118,
            -0.002673214767128229,
            -0.03468864783644676,
            -0.08958426862955093,
            -0.009935097768902779,
            -0.004272934049367905,
            0.00854586809873581,
            0.02424837462604046,
            0.024416765198111534,
            0.00900894496589899,
            0.008461671881377697,
            -0.07308190315961838,
            0.04159269854426384,
            -0.014818450435996056,
            0.0009998244931921363,
            0.012881948612630367,
            0.00854586809873581,
            -0.03283634036779404,
            0.006272582802921534,
            -0.06062093377113342,
            0.006230485159903765,
            0.04883353039622307,
            -0.01363971084356308,
            0.028794944286346436,
            0.028121378272771835,
            0.03687773644924164,
            0.020627956837415695,
            -0.004441325552761555,
            0.0021154179703444242,
            0.01380810234695673,
            -0.01599719189107418,
            0.0020733200944960117,
            0.0012313626939430833,
            0.0010840202448889613,
            0.01801788993179798,
            -0.021890893578529358,
            -0.00854586809873581,
            0.007956497371196747,
            0.016839148476719856,
            -0.06466232985258102,
            -0.006230485159903765,
            -0.04714961722493172,
            -0.012713557109236717,
            0.020627956837415695,
            0.0025469211395829916,
            -0.00972460862249136,
            0.04681283235549927,
            -0.019280824810266495,
            -0.013218731619417667,
            -0.02323802560567856,
            -0.037046127021312714,
            0.028121378272771835,
            -0.012376774102449417,
            -0.01431327685713768,
            -0.02391159161925316,
            0.013892297632992268,
            -0.0022206627763807774,
            0.05725310742855072,
            -0.018523063510656357,
            -0.023069633170962334,
            0.025427114218473434,
            0.01363971084356308,
            -0.009261531755328178,
            -0.00681985542178154,
            0.02660585567355156,
            0.018270475789904594,
            0.08217504620552063,
            0.013555514626204967,
            0.043781787157058716,
            -0.012376774102449417,
            0.07005085796117783,
            -0.020375369116663933,
            0.011198033578693867,
            0.04714961722493172,
            -0.011198033578693867,
            0.022059284150600433,
            0.007240834180265665,
            -0.001131380326114595,
            0.02012278325855732,
            0.023406416177749634,
            -0.039403606206178665,
            0.015576212666928768,
            0.03199438378214836,
            -0.03064724989235401,
            0.06870372593402863,
            0.03805647790431976,
            0.0006946148932911456,
            -0.04883353039622307,
            -0.021048935130238533,
            0.015744604170322418,
            -0.03654095157980919,
            0.013050340116024017,
            -0.01262936182320118,
            -0.00820908509194851,
            -0.04782318323850632,
            0.043781787157058716,
            0.014734255149960518,
            -0.06466232985258102,
            0.011871599592268467,
            -0.01869145594537258,
            0.039403606206178665,
            0.01212418731302023,
            0.021890893578529358,
            -0.00047886327956803143,
            -0.007114540319889784,
            -0.03132081776857376,
            -0.006062093656510115,
            -0.008587965741753578,
            0.0031783892773091793,
            -0.001852306304499507,
            -0.00226276065222919,
            0.009977195411920547,
            0.01667075790464878,
            -0.03031046688556671,
            0.005262233782559633,
            0.03553060442209244,
            0.0060199955478310585,
            0.03620417043566704,
            0.02525872364640236,
            -0.05220136046409607,
            -0.05927380174398422,
            -0.03283634036779404,
            0.020880544558167458,
            0.006609365809708834,
            -0.013892297632992268,
            -0.030478859320282936,
            0.000031902294722385705,
            -0.024416765198111534,
            0.00519908731803298,
            0.01212418731302023,
            -0.03620417043566704,
            -0.037046127021312714,
            -0.010777055285871029,
            0.04260304570198059,
            -0.05119101330637932,
            -0.0016418170416727662,
            -0.05253814533352852,
            -0.009808803908526897,
            0.01566040888428688,
            -0.04226626455783844,
            -0.003473074408248067,
            -0.016249777749180794,
            -0.026437463238835335,
            -0.039403606206178665,
            0.019280824810266495,
            0.04479213431477547,
            0.04479213431477547,
            0.006398876663297415,
            -0.03553060442209244,
            0.017512714490294456,
            -0.03064724989235401,
            0.027111029252409935,
            -0.0015786702279001474,
            0.05691632255911827,
            0.019280824810266495,
            0.020543761551380157,
            -0.04815996438264847,
            0.01776530221104622,
            0.025090331211686134,
            -0.01161901280283928,
            -0.06095771864056587,
            -0.01397649385035038,
            0.04748639836907387,
            -0.02828977070748806,
            0.0059357997961342335,
            -0.04681283235549927,
            0.015155233442783356,
            -0.05725310742855072,
            0.020206978544592857,
            0.00145237660035491,
            -0.01709173619747162,
            -0.01229257881641388,
            -0.03990878164768219,
            -0.06129449978470802,
            -0.015492016449570656,
            0.011198033578693867,
            -0.00938782561570406,
            -0.03418347239494324,
            0.04260304570198059,
            -0.016923343762755394,
            0.02559550665318966,
            -0.020543761551380157,
            -0.02012278325855732,
            0.030815642327070236,
            0.012713557109236717,
            0.04159269854426384,
            0.0004604454734362662,
            -0.05590597540140152,
            -0.006904051173478365,
            0.06769337505102158,
            -0.05321171134710312,
            0.025763897225260735,
            0.003473074408248067,
            0.013555514626204967,
            -0.021301522850990295,
            -0.01363971084356308,
            0.031152425333857536,
            0.028458161279559135,
            -0.03519381955265999,
            0.004630765877664089,
            0.05422205850481987,
            0.01212418731302023,
            0.01608138717710972,
            0.05018066242337227,
            -0.015239429660141468,
            -0.013050340116024017,
            0.025427114218473434,
            -0.02727942168712616,
            0.06600946187973022,
            -0.05758988857269287,
            -0.025763897225260735,
            -0.06062093377113342,
            0.01313453633338213,
            -0.001778635079972446,
            0.01262936182320118,
            -0.01397649385035038,
            -0.026437463238835335,
            -0.005283283069729805,
            0.02930011786520481,
            0.0061883870512247086,
            -0.006440974306315184,
            -0.0059357997961342335,
            0.003704612608999014,
            -0.0011840026127174497,
            -0.008461671881377697,
            -0.04714961722493172,
            -0.013555514626204967,
            -0.02727942168712616,
            -0.039403606206178665,
            0.03031046688556671,
            0.026100680232048035,
            -0.06533589959144592,
            -0.026774246245622635,
            0.02727942168712616,
            0.0003972986596636474,
            -0.00715663842856884,
            -0.040750738233327866,
            -0.05792667344212532,
            0.04024556651711464,
            0.019617607817053795,
            0.017512714490294456,
            0.017512714490294456,
            0.03603577986359596,
            0.01608138717710972,
            0.02795298770070076,
            0.00243115215562284,
            0.006567268166691065,
            -0.02391159161925316,
            0.00715663842856884,
            0.029468510299921036,
            -0.0006209436105564237,
            -0.07308190315961838,
            -0.06062093377113342,
            0.019870195537805557,
            0.07207155972719193,
            0.013218731619417667,
            0.03216277435421944,
            -0.05085422843694687,
            0.045128919184207916,
            -0.025090331211686134,
            0.0013366073835641146,
            0.04815996438264847,
            0.07779686897993088,
            0.00324153620749712,
            0.04260304570198059,
            -0.008293280377984047,
            0.005683212541043758,
            0.02626907266676426,
            0.006062093656510115,
            0.06634624302387238,
            -0.03098403289914131,
            0.03031046688556671,
            -0.04546570032835007,
            0.03031046688556671,
            -0.00519908731803298,
            0.01709173619747162,
            -0.010524467565119267,
            0.009640412405133247,
            0.05287492647767067,
            0.04260304570198059,
            -0.005325380712747574,
            0.01633397489786148,
            0.040750738233327866,
            0.02559550665318966,
            -0.03283634036779404,
            -0.03923521563410759,
            -0.01877565123140812,
            -0.01246097031980753,
            0.005135940387845039,
            -0.02828977070748806,
            0.022732850164175034,
            0.029805293306708336,
            0.04226626455783844,
            -0.039740391075611115,
            -0.04681283235549927,
            -0.025427114218473434,
            0.00519908731803298,
            0.02727942168712616,
            0.07207155972719193,
            -0.009261531755328178,
            0.01161901280283928,
            0.02963690087199211,
            -0.01380810234695673,
            -0.0027153126429766417,
            0.013218731619417667,
            -0.022059284150600433,
            -0.08082791417837143,
            0.05455884337425232,
            -0.043781787157058716,
            0.042771436274051666,
            0.0024627253878861666,
            0.009135237894952297,
            -0.014229080639779568,
            -0.01944921724498272,
            -0.043445002287626266,
            0.044455353170633316,
            -0.06567268073558807,
            0.03334151580929756,
            -0.014565863646566868,
            0.04681283235549927,
            -0.03384668752551079,
            0.00486230431124568,
            -0.01675495319068432,
            0.02357480861246586,
            -0.03889843448996544,
            -0.014818450435996056,
            0.009135237894952297,
            0.02079634927213192,
            -0.06870372593402863,
            0.04546570032835007,
            0.03889843448996544,
            -0.03755130246281624,
            -0.03468864783644676,
            0.011198033578693867,
            -0.00665146391838789,
            0.05422205850481987,
            -0.013892297632992268,
            0.03098403289914131,
            -0.019701803103089333,
            -0.011534816585481167,
            0.03553060442209244,
            -0.014902646653354168,
            0.041087523102760315,
            -0.006567268166691065,
            0.01448166836053133,
            -0.07880721241235733,
            -0.014229080639779568,
            -0.06836694478988647,
            -0.030815642327070236,
            0.018270475789904594,
            -0.009640412405133247,
            0.00900894496589899,
            0.01902823895215988,
            0.03182598948478699,
            0.01776530221104622,
            -0.007493420969694853,
            0.018270475789904594,
            -0.06331519782543182,
            -0.02963690087199211,
            0.022901242598891258,
            0.015407821163535118,
            0.009598314762115479,
            0.05455884337425232,
            -0.03654095157980919,
            0.026437463238835335,
            0.05725310742855072,
            -0.0004157164948992431,
            0.004272934049367905,
            -0.025763897225260735,
            -0.0027153126429766417,
            0.01734432391822338,
            0.07847043126821518,
            0.0027153126429766417,
            -0.03216277435421944,
            0.02963690087199211,
            -0.03856164962053299,
            0.015407821163535118,
            0.01810208521783352,
            0.06432554870843887,
            -0.01313453633338213,
            0.04226626455783844,
            -0.026774246245622635,
            -0.03317312151193619,
            0.013723906129598618,
            0.03435186296701431,
            0.0018944041803479195,
            -0.04024556651711464,
            -0.015576212666928768,
            0.00469391280785203,
            -0.05860023573040962,
            0.01810208521783352,
            0.029131727293133736,
            0.00867216195911169,
            -0.010861250571906567,
            -0.008082791231572628,
            -0.010692859068512917,
            -0.005767408292740583,
            -0.004736010450869799,
            0.044455353170633316,
            0.00104718457441777,
            -0.017596909776329994,
            -0.0023048585280776024,
            -0.004904401954263449,
            0.014650058932602406,
            0.03889843448996544,
            0.02458515763282776,
            -0.05085422843694687,
            0.013218731619417667,
            -0.03654095157980919,
            0.03216277435421944,
            0.0002460094401612878,
            0.01902823895215988,
            -0.04815996438264847,
            -0.0036204170901328325,
            0.03923521563410759,
            -0.031489208340644836,
            0.015155233442783356,
            -0.007703910581767559,
            0.05725310742855072,
            -0.026100680232048035,
            -0.03266794979572296,
            0.01801788993179798,
            -0.020880544558167458,
            -0.039403606206178665,
            -0.01330292783677578,
            0.00418873829767108,
            -0.012376774102449417,
            0.017175931483507156,
            -0.03923521563410759,
            -0.016923343762755394,
            0.03418347239494324,
            -0.04748639836907387,
            -0.03418347239494324,
            -0.044455353170633316,
            0.041087523102760315,
            0.0009314154158346355,
            -0.024753548204898834,
            -0.027447812259197235,
            0.03620417043566704,
            0.03856164962053299,
            -0.008251182734966278,
            -0.02357480861246586,
            -0.027447812259197235,
            -0.025090331211686134,
            -0.03367829695343971,
            0.05051744729280472,
            0.00631468091160059,
            0.00243115215562284,
            0.001778635079972446,
            -0.00021312048193067312,
            -0.012713557109236717,
            -0.021890893578529358,
            -0.028121378272771835,
            0.01641817018389702,
            -0.01161901280283928,
            0.004609717056155205,
            -0.008587965741753578,
            -0.004336080979555845,
            -0.00408349372446537,
            0.011198033578693867,
            -0.04681283235549927,
            -0.016586560755968094,
            -0.009472020901739597,
            0.03064724989235401,
            -0.02525872364640236,
            -0.05388527736067772,
            0.010945446789264679,
            0.022396067157387733,
            -0.05691632255911827,
            0.005283283069729805,
            0.017849497497081757,
            0.009850901551544666,
            -0.01363971084356308,
            0.0017154882661998272,
            -0.07106120884418488,
            -0.01902823895215988,
            0.03384668752551079,
            -0.02113313227891922,
            0.010103489272296429,
            -0.02963690087199211,
            0.02727942168712616,
            0.006693561561405659,
            0.05725310742855072,
            -0.02593228965997696,
            -0.01801788993179798,
            0.02458515763282776,
            0.03233116492629051,
            0.031489208340644836,
            0.005893702153116465,
            -0.019954390823841095,
            0.004967548884451389,
            0.005430625285953283,
            0.00951411947607994,
            0.04479213431477547,
            0.043108221143484116,
            0.015407821163535118,
            -0.0001736537233227864,
            0.006904051173478365,
            0.0036204170901328325,
            0.05927380174398422,
            0.00900894496589899,
            -0.016586560755968094,
            0.03384668752551079,
            -0.01397649385035038,
            0.06331519782543182,
            -0.022396067157387733,
            -0.03788808360695839,
            -0.04546570032835007,
            -0.0019996489863842726,
            -0.03620417043566704,
            -0.01006139162927866,
            0.02323802560567856,
            0.017175931483507156,
            -0.020375369116663933,
            0.02660585567355156,
            0.011534816585481167,
            -0.020543761551380157,
            0.0057253106497228146,
            0.002494298852980137,
            -0.0019996489863842726,
            0.04226626455783844,
            -0.043445002287626266,
            0.02357480861246586,
            0.014734255149960518,
            0.015912994742393494,
            -0.03064724989235401,
            -0.03216277435421944,
            -0.0014734255382791162,
            0.00816698744893074,
            -0.010945446789264679,
            -0.045802485197782516,
            -0.038393259048461914,
            -0.02963690087199211,
            0.01262936182320118,
            0.004672863986343145,
            -0.05051744729280472,
            0.00820908509194851,
            -0.03199438378214836,
            0.0027995083946734667,
            -0.01599719189107418,
            0.05927380174398422,
            0.003304682904854417,
            0.011366425082087517,
            0.020543761551380157,
            -0.019701803103089333,
            -0.0008261707262136042,
            0.05152779445052147,
            0.019870195537805557,
            -0.007114540319889784,
            0.005051744636148214,
            0.01877565123140812,
            -0.03233116492629051,
            0.00040519202593714,
            0.03216277435421944,
            -0.005283283069729805,
            0.02795298770070076,
            -0.01902823895215988,
            0.029131727293133736,
            -0.012545165605843067,
            0.009640412405133247,
            -0.040750738233327866,
            0.043108221143484116,
            -0.008461671881377697,
            -0.02492194063961506,
            0.04546570032835007,
            -0.08520609140396118,
            -0.07678651809692383,
            0.0036204170901328325,
            0.019870195537805557,
            0.03098403289914131,
            -0.026100680232048035,
            -0.03687773644924164,
            -0.013892297632992268,
            0.01801788993179798,
            0.03805647790431976,
            0.022396067157387733,
            0.018270475789904594,
            -0.019617607817053795,
            0.017175931483507156,
            0.025090331211686134,
            0.03233116492629051,
            0.03435186296701431,
            0.02795298770070076,
            0.05691632255911827,
            -0.027784595265984535,
            0.02357480861246586,
            0.002841606270521879,
            0.03384668752551079,
            -0.01363971084356308,
            -0.01039817463606596,
            -0.030815642327070236,
            0.013892297632992268,
            -0.0015681457007303834,
            -0.02660585567355156,
            -0.01810208521783352,
            0.04815996438264847,
            0.01801788993179798,
            -0.002041746862232685,
            0.014229080639779568,
            0.0032625850290060043,
            -0.01902823895215988,
            -0.01279775332659483,
            0.02828977070748806,
            0.00816698744893074,
            -0.012881948612630367,
            -0.03805647790431976,
            0.04479213431477547,
            0.0029468510765582323,
            -0.010440272279083729,
            0.03418347239494324,
            -0.03064724989235401,
            0.04714961722493172,
            0.021385718137025833,
            -0.006904051173478365,
            -0.020375369116663933,
            -0.05927380174398422,
            -0.029468510299921036,
            0.05556919053196907,
            0.020206978544592857,
            -0.01363971084356308,
            0.05287492647767067,
            0.006525170058012009,
            -0.0054727233946323395,
            -0.017849497497081757,
            0.028458161279559135,
            0.04260304570198059,
            -0.028121378272771835,
            -0.024079982191324234,
            -0.043781787157058716,
            0.04917031526565552,
            0.03199438378214836,
            0.012208382599055767,
            -0.016586560755968094,
            -0.019954390823841095,
            0.0041466401889920235,
            0.008798454888164997,
            0.025090331211686134,
            0.018944041803479195,
            -0.005220136139541864,
            -0.030815642327070236,
            -0.015828799456357956,
            0.037046127021312714,
            0.03519381955265999,
            0.016586560755968094,
            0.02357480861246586,
            0.008798454888164997,
            -0.00715663842856884,
            -0.011282229796051979,
            0.00820908509194851,
            0.01810208521783352,
            -0.026100680232048035,
            -0.01039817463606596,
            0.0020312222186475992,
            0.07981756329536438,
            -0.009472020901739597,
            -0.007703910581767559,
            -0.011198033578693867,
            -0.01363971084356308,
            0.01633397489786148,
            -0.017596909776329994,
            -0.040750738233327866,
            0.05388527736067772,
            -0.002525872318074107,
            0.02997368387877941,
            0.00290475320070982,
            -0.0027363616973161697,
            -0.019280824810266495,
            -0.016165582463145256,
            -0.021890893578529358,
            0.01262936182320118,
            -0.00011642692697932944,
            -0.011198033578693867,
            0.04125591367483139,
            -0.01675495319068432,
            0.010650761425495148,
            0.01944921724498272,
            -0.017596909776329994,
            0.00597789790481329,
            -0.015828799456357956,
            -0.028794944286346436,
            -0.03384668752551079,
            0.004462374374270439,
            0.0043992274440824986,
            -0.03990878164768219,
            -0.01363971084356308,
            0.04984388127923012,
            0.015239429660141468,
            -0.09834063053131104,
            -0.01667075790464878,
            0.03468864783644676,
            -0.003999297972768545,
            -0.007325029466301203,
            -0.05085422843694687,
            0.001299771829508245,
            -0.02357480861246586,
            0.05220136046409607,
            -0.0007840728503651917,
            0.04984388127923012,
            -0.04782318323850632,
            -0.02458515763282776,
            -0.00972460862249136,
            -0.03132081776857376,
            -0.029131727293133736,
            -0.0032836340833455324,
            0.001305034034885466,
            0.02079634927213192,
            -0.04917031526565552,
            -0.010777055285871029,
            0.05287492647767067,
            -0.030478859320282936,
            0.01161901280283928,
            0.038393259048461914,
            0.020375369116663933,
            0.02795298770070076,
            0.017849497497081757,
            -0.010524467565119267,
            -0.031152425333857536,
            -0.03317312151193619,
            0.03182598948478699,
            0.03334151580929756,
            -0.07678651809692383,
            0.0035993680357933044,
            0.01734432391822338,
            0.0043992274440824986,
            0.03990878164768219,
            0.01229257881641388,
            -0.020627956837415695,
            -0.0010945446556434035,
            -0.028794944286346436,
            0.03216277435421944,
            0.0004446587699931115,
            0.07240834087133408,
            -0.040750738233327866,
            0.02727942168712616,
            -0.01810208521783352,
            -0.01229257881641388,
            -0.00934572797268629,
            -0.00867216195911169,
            0.03064724989235401,
            -0.01801788993179798,
            0.03553060442209244,
            0.008924748748540878,
            -0.06735659390687943,
            0.009977195411920547,
            0.008587965741753578,
            -0.001052446779794991,
            0.04950709640979767,
            0.02761620469391346,
            0.018270475789904594,
            0.03603577986359596,
            0.016923343762755394,
            -0.0015576212899759412,
            -0.05455884337425232,
            -0.01810208521783352,
            0.014818450435996056,
            0.04125591367483139,
            -0.03418347239494324,
            0.03367829695343971,
            -0.03502542898058891,
            -0.02660585567355156,
            0.00820908509194851,
            -0.0015155234141275287,
            0.022396067157387733,
            -0.06365197896957397,
            0.040413957089185715,
            0.004567618947476149,
            -0.016839148476719856,
            0.013218731619417667,
            0.01877565123140812,
            -0.007619714830070734,
            0.0015891946386545897,
            0.010271880775690079,
            -0.021890893578529358,
            -0.026437463238835335,
            0.02492194063961506,
            -0.0027995083946734667,
            0.02113313227891922,
            0.031152425333857536,
            -0.05085422843694687,
            0.03468864783644676,
            0.0028626553248614073,
            0.005325380712747574,
            -0.0038519552908837795,
            -0.04917031526565552,
            0.002525872318074107,
            0.05085422843694687,
            0.02930011786520481,
            0.10103489458560944,
            0.023069633170962334,
            -0.043781787157058716,
            0.017596909776329994,
            -0.011198033578693867,
            -0.00003387563265278004,
            -0.02458515763282776,
            0.02593228965997696,
            -0.06870372593402863,
            -0.015155233442783356,
            -0.04613926634192467,
            0.014818450435996056,
            0.011198033578693867,
            0.0013681808486580849,
            0.04984388127923012,
            0.014818450435996056,
            -0.03266794979572296,
            0.03031046688556671,
            -0.00290475320070982,
            -0.009598314762115479,
            -0.03266794979572296,
            0.017512714490294456,
            0.02930011786520481,
            0.003220487153157592,
            0.012208382599055767,
            -0.05826345458626747,
            0.006777757313102484,
            0.025427114218473434,
            0.03468864783644676,
            0.029131727293133736,
            0.021890893578529358,
            0.015071038156747818,
            0.019196629524230957,
            0.013892297632992268,
            -0.013050340116024017,
            -0.04714961722493172,
            -0.015492016449570656,
            0.014565863646566868,
            -0.02525872364640236,
            0.020627956837415695,
            0.03384668752551079,
            -0.016923343762755394,
            0.023069633170962334,
            0.013892297632992268,
            -0.03654095157980919,
            0.006946148816496134,
            -0.00006413347728084773,
            -0.013050340116024017,
            -0.017175931483507156,
            -0.009935097768902779,
            0.03317312151193619,
            0.019954390823841095,
            -0.007114540319889784,
            0.00357831921428442,
            -0.03620417043566704,
            0.02492194063961506,
            -0.020543761551380157,
            -0.017849497497081757,
            -0.0018733552424237132,
            0.020543761551380157,
            -0.00867216195911169,
            0.007409225217998028,
            0.03990878164768219,
            0.01599719189107418,
            0.02963690087199211,
            -0.00469391280785203,
            -0.01431327685713768,
            0.02862655371427536,
            0.013723906129598618,
            -0.011029642075300217,
            -0.0008156462572515011,
            0.024079982191324234,
            0.01448166836053133,
            -0.041087523102760315,
            -0.030478859320282936,
            -0.030142076313495636,
            0.010945446789264679,
            -0.04613926634192467,
            0.0022522362414747477,
            -0.03654095157980919,
            -0.03266794979572296,
            0.00938782561570406,
            -0.01262936182320118,
            0.019870195537805557,
            -0.019954390823841095,
            -0.015744604170322418,
            -0.01178740430623293,
            -0.040413957089185715,
            0.019701803103089333,
            -0.016502365469932556,
            -0.01734432391822338,
            0.00900894496589899,
            -0.03502542898058891,
            0.01709173619747162,
            0.011871599592268467,
            -0.019196629524230957,
            0.014565863646566868,
            0.004904401954263449,
            -0.06432554870843887,
            0.011198033578693867,
            0.01195579580962658,
            -0.02357480861246586,
            0.00905104260891676,
            -0.005325380712747574,
            -0.03199438378214836,
            -0.016839148476719856,
            0.03031046688556671,
            0.018523063510656357
        ]'
ORDER BY distance
LIMIT 3

